<?xml version="1.0" encoding="UTF-8" standalone="no" ?>
<COLLADA xmlns="http://www.collada.org/2005/11/COLLADASchema" version="1.4.1">
    <asset>
        <contributor>
            <authoring_tool>SketchUp 6.4.112</authoring_tool>
        </contributor>
        <created>2017-12-15T20:41:40Z</created>
        <modified>2017-12-15T20:41:40Z</modified>
        <unit meter="0.0254" name="inch" />
        <up_axis>Z_UP</up_axis>
    </asset>
    <library_cameras>
        <camera id="ID1" name="skp_camera_Last_Saved_SketchUp_View">
            <optics>
                <technique_common>
                    <orthographic>
                        <xmag>1</xmag>
                        <aspect_ratio>0</aspect_ratio>
                        <znear>1</znear>
                        <zfar>1000</zfar>
                    </orthographic>
                </technique_common>
            </optics>
        </camera>
    </library_cameras>
    <library_visual_scenes>
        <visual_scene id="ID2">
            <node name="SketchUp">
                <node name="skp_camera_Last_Saved_SketchUp_View">
                    <matrix>0.9670483 0.02925404 -0.2529066 -130.6023 -0.2545929 0.1111188 -0.9606431 -582.713 -3.469447e-18 0.9933765 0.1149052 253.8273 0 0 0 1</matrix>
                    <instance_camera url="#ID1" />
                </node>
                <node id="ID3" name="instance_0">
                    <matrix>-0.1602793 1.251176 0 -163.9318 -1.251176 -0.1602793 0 246.45 0 0 1 0 0 0 0 1</matrix>
                    <instance_node url="#ID4" />
                </node>
            </node>
        </visual_scene>
    </library_visual_scenes>
    <library_nodes>
        <node id="ID4" name="green">
            <node id="ID5" name="instance_1">
                <matrix>-0.6636703 -0.5946801 0.4537591 240.5542 0.7288703 -0.650505 0.2135212 142.5693 0.1681958 0.4724393 0.8651655 190.0065 0 0 0 1</matrix>
                <instance_node url="#ID6" />
            </node>
            <node id="ID351" name="instance_10">
                <matrix>0.9274879 0.3265602 -0.1820018 158.6214 -0.2056444 0.03908299 -0.9778461 69.98219 -0.3122124 0.944368 0.1034043 202.1389 0 0 0 1</matrix>
                <instance_node url="#ID6" />
            </node>
            <node id="ID352" name="instance_11">
                <matrix>-0.04610337 0.8804788 -0.4718385 62.79377 -0.9846749 0.0394742 0.1698739 226.0135 0.1681958 0.4724393 0.8651655 142.7697 0 0 0 1</matrix>
                <instance_node url="#ID6" />
            </node>
            <node id="ID353" name="instance_12">
                <matrix>0.3676475 0.005495196 -0.929949 65.26524 -0.8402171 0.430558 -0.3296285 224.6053 0.3985856 0.9025462 0.1629107 140.0598 0 0 0 1</matrix>
                <instance_node url="#ID6" />
            </node>
            <node id="ID354" name="instance_13">
                <matrix>0.04748127 -0.1976998 0.979112 234.3413 0.9159012 -0.3825248 -0.1216543 95.6498 0.3985856 0.9025462 0.1629107 140.5643 0 0 0 1</matrix>
                <instance_node url="#ID6" />
            </node>
            <node id="ID355" name="instance_14">
                <matrix>0.9489565 0.3151427 -0.01290731 217.6291 -0.04477635 0.09409633 -0.9945557 75.4597 -0.3122124 0.944368 0.1034043 187.59 0 0 0 1</matrix>
                <instance_node url="#ID6" />
            </node>
            <node id="ID356" name="instance_15">
                <matrix>-0.603874 0.3916428 -0.6942278 197.3467 -0.7835991 -0.1321874 0.6070412 253.0622 0.1459752 0.9105726 0.3867154 204.3508 0 0 0 1</matrix>
                <instance_node url="#ID6" />
            </node>
            <node id="ID357" name="instance_16">
                <matrix>-0.6681348 0.4500615 -0.5924868 177.1078 -0.717212 -0.1776677 0.6738258 243.3084 0.1979973 0.8751451 0.4414954 154.8849 0 0 0 1</matrix>
                <instance_node url="#ID6" />
            </node>
            <node id="ID358" name="instance_17">
                <matrix>-0.765207 0.6368522 -0.09422084 183.6767 -0.2896263 -0.2098375 0.9338548 184.0246 0.5749564 0.7418811 0.3450182 129.6032 0 0 0 1</matrix>
                <instance_node url="#ID359" />
            </node>
            <node id="ID368" name="instance_20">
                <matrix>0.7414768 -0.6389688 0.2047709 221.3057 0.6495555 0.6070585 -0.4577746 72.03156 0.1681958 0.4724393 0.8651655 189.0072 0 0 0 1</matrix>
                <instance_node url="#ID6" />
            </node>
            <node id="ID369" name="instance_21">
                <matrix>0.9092361 -0.294355 0.294355 140.8236 0.4162808 0.642927 -0.642927 105.1331 6.938894e-16 0.7071068 0.7071068 157.4729 0 0 0 1</matrix>
                <instance_node url="#ID359" />
            </node>
            <node id="ID370" name="instance_22">
                <matrix>0.1058723 0.1427544 -0.9840794 107.7962 -0.9440945 -0.2962942 -0.1445521 161.5477 -0.3122124 0.944368 0.1034043 154.1569 0 0 0 1</matrix>
                <instance_node url="#ID6" />
            </node>
            <node id="ID371" name="instance_23">
                <matrix>-0.6902718 -0.1507193 -0.7076782 104.7012 -0.6527237 -0.292323 0.6989271 130.033 -0.3122124 0.944368 0.1034043 204.2266 0 0 0 1</matrix>
                <instance_node url="#ID6" />
            </node>
            <node id="ID372" name="instance_24">
                <matrix>0.9094724 0.2656566 0.3198225 231.3105 0.2745601 0.1938959 -0.941818 95.28818 -0.3122124 0.944368 0.1034043 141.857 0 0 0 1</matrix>
                <instance_node url="#ID6" />
            </node>
            <node id="ID373" name="instance_25">
                <matrix>0.6059884 -0.6268417 0.4897424 171.2356 0.7954735 0.4775254 -0.3730837 130.2219 5.828671e-16 0.6156615 0.7880108 92.96003 0 0 0 1</matrix>
                <instance_node url="#ID374" />
            </node>
            <node id="ID381" name="instance_26">
                <matrix>-0.9731789 0.1626697 -0.1626697 124.5047 -0.2300497 -0.6881414 0.6881414 195.5946 5.551115e-16 0.7071068 0.7071068 117.7552 0 0 0 1</matrix>
                <instance_node url="#ID359" />
            </node>
            <node id="ID382" name="instance_27">
                <matrix>-0.3732702 -0.3259468 0.8685782 185.1946 0.8472198 0.2617139 0.4623035 179.3103 -0.3780053 0.9084407 0.1784586 133.7452 0 0 0 1</matrix>
                <instance_node url="#ID359" />
            </node>
            <node id="ID383" name="instance_28">
                <matrix>0.760406 0.4148465 0.499685 163.9349 -0.649448 0.4857229 0.585056 171.2312 2.498002e-16 -0.7693996 0.6387678 124.6335 0 0 0 1</matrix>
                <instance_node url="#ID374" />
            </node>
            <node id="ID384" name="instance_29">
                <matrix>-0.3766797 -0.310299 0.872827 249.4082 0.9147697 -0.2730789 0.2976983 203.1077 0.1459752 0.9105726 0.3867154 206.2558 0 0 0 1</matrix>
                <instance_node url="#ID6" />
            </node>
            <node id="ID385" name="instance_30">
                <matrix>0.3504919 -0.3140494 0.8823425 220.6067 0.8475169 -0.2945901 -0.4415107 74.78887 0.3985856 0.9025462 0.1629107 186.2972 0 0 0 1</matrix>
                <instance_node url="#ID6" />
            </node>
            <node id="ID386" name="instance_31">
                <matrix>-0.8540893 0.3005648 0.4244907 237.8108 0.3341572 -0.3083362 0.8906558 141.8175 0.3985856 0.9025462 0.1629107 187.2966 0 0 0 1</matrix>
                <instance_node url="#ID6" />
            </node>
            <node id="ID387" name="instance_32">
                <matrix>0.2919331 0.5 -0.8153374 114.0572 -0.1685476 0.8660254 0.4707353 191.5328 0.9414705 -1.387779e-16 0.3370953 118.1537 0 0 0 1</matrix>
                <instance_node url="#ID359" />
            </node>
            <node id="ID388" name="instance_33">
                <matrix>0.8412176 -0.5263178 0.1238652 161.6609 0.5138708 0.7069588 -0.4859486 65.97826 0.1681958 0.4724393 0.8651655 203.556 0 0 0 1</matrix>
                <instance_node url="#ID6" />
            </node>
            <node id="ID389" name="instance_34">
                <matrix>0.9066568 -0.3609979 -0.218298 111.9406 -0.1382136 0.2347146 -0.9621882 76.26402 0.3985856 0.9025462 0.1629107 202.9808 0 0 0 1</matrix>
                <instance_node url="#ID6" />
            </node>
            <node id="ID390" name="instance_35">
                <matrix>0.892283 -0.3405518 -0.2964042 107.6048 -0.2120389 0.2635049 -0.9410657 158.5014 0.3985856 0.9025462 0.1629107 152.8641 0 0 0 1</matrix>
                <instance_node url="#ID6" />
            </node>
            <node id="ID391" name="instance_36">
                <matrix>0.02655056 -0.1001289 0.9946202 237.1973 0.9496412 0.3132782 0.006187991 138.8275 -0.3122124 0.944368 0.1034043 188.5893 0 0 0 1</matrix>
                <instance_node url="#ID6" />
            </node>
            <node id="ID392" name="instance_37">
                <matrix>0.8153884 -0.09787654 0.5705804 246.4343 0.5504407 0.4363751 -0.7117526 201.8168 -0.1793232 0.8944255 0.4096904 206.9465 0 0 0 1</matrix>
                <instance_node url="#ID6" />
            </node>
            <node id="ID393" name="instance_38">
                <matrix>0.182874 0.1665523 -0.9689259 111.8818 -0.9322449 -0.2836008 -0.2247001 79.31574 -0.3122124 0.944368 0.1034043 204.2736 0 0 0 1</matrix>
                <instance_node url="#ID6" />
            </node>
            <node id="ID394" name="instance_39">
                <matrix>0.5284383 -0.3139045 0.7888072 183.8426 0.8489717 0.1953884 -0.4909893 122.7714 -4.246603e-15 0.9291326 0.3697468 116.516 0 0 0 1</matrix>
                <instance_node url="#ID359" />
            </node>
            <node id="ID395" name="instance_40">
                <matrix>-0.04610337 0.8804788 -0.4718385 99.68162 -0.9846749 0.0394742 0.1698739 129.7608 0.1681958 0.4724393 0.8651655 205.6437 0 0 0 1</matrix>
                <instance_node url="#ID6" />
            </node>
            <node id="ID396" name="instance_41">
                <matrix>0.3987491 0.6484594 -0.6484594 144.9407 -0.9170601 0.2819582 -0.2819582 178.1886 5.551115e-16 0.7071068 0.7071068 108.4953 0 0 0 1</matrix>
                <instance_node url="#ID359" />
            </node>
            <node id="ID397" name="instance_42">
                <matrix>0.47675 -0.2390968 -0.8458972 170.4442 0.8789448 0.1437417 0.4547465 158.7231 0.01286234 -0.9602974 0.2786817 108.8412 0 0 0 1</matrix>
                <instance_node url="#ID374" />
            </node>
            <node id="ID398" name="instance_43">
                <matrix>-0.8843898 -0.3289736 0.3311057 199.9516 0.4309267 -0.3029511 0.8500134 251.1322 -0.1793232 0.8944255 0.4096904 205.0415 0 0 0 1</matrix>
                <instance_node url="#ID6" />
            </node>
            <node id="ID399" name="instance_44">
                <matrix>0.9055688 -0.2999543 0.2999543 199.45 0.4241994 0.6403338 -0.6403338 110.5746 0 0.7071068 0.7071068 142.8868 0 0 0 1</matrix>
                <instance_node url="#ID359" />
            </node>
            <node id="ID400" name="instance_45">
                <matrix>-0.8464038 -0.2832772 0.4509486 179.5454 0.5218387 -0.2722673 0.8084274 241.1132 -0.1062305 0.9195785 0.378273 155.3617 0 0 0 1</matrix>
                <instance_node url="#ID6" />
            </node>
            <node id="ID401" name="instance_46">
                <matrix>-0.6227563 0.3967473 -0.6743635 111.0698 -0.6732786 0.1673379 0.7202041 235.859 0.3985856 0.9025462 0.1629107 163.4978 0 0 0 1</matrix>
                <instance_node url="#ID6" />
            </node>
            <node id="ID402" name="instance_47">
                <matrix>1 -0 0 163.8766 0 0.9547608 -0.2973749 143.4113 0 0.2973749 0.9547608 50.00356 0 0 0 1</matrix>
                <instance_node url="#ID403" />
            </node>
            <node id="ID410" name="instance_48">
                <matrix>-0.8744813 -0.3282142 0.3571524 113.6298 0.3712221 0.02108233 0.9283047 234.1968 -0.3122124 0.944368 0.1034043 164.7905 0 0 0 1</matrix>
                <instance_node url="#ID6" />
            </node>
            <node id="ID411" name="instance_49">
                <matrix>0.611527 0.6234927 -0.4871258 165.4145 -0.7912235 0.4818899 -0.3764936 133.265 6.106227e-16 0.6156615 0.7880108 108.9352 0 0 0 1</matrix>
                <instance_node url="#ID374" />
            </node>
            <node id="ID412" name="instance_50">
                <matrix>0.8076727 0.4371199 -0.3957159 109.4297 -0.5651328 0.7653283 -0.3080546 74.92749 0.1681958 0.4724393 0.8651655 205.6907 0 0 0 1</matrix>
                <instance_node url="#ID6" />
            </node>
            <node id="ID413" name="instance_51">
                <matrix>1 0 0 163.6408 -0 0.938493 0.3452982 142.6541 0 -0.3452982 0.938493 64.75609 0 0 0 1</matrix>
                <instance_node url="#ID403" />
            </node>
            <node id="ID414" name="instance_52">
                <matrix>0.3676475 0.005495196 -0.929949 102.1531 -0.8402171 0.430558 -0.3296285 128.3526 0.3985856 0.9025462 0.1629107 202.9338 0 0 0 1</matrix>
                <instance_node url="#ID6" />
            </node>
            <node id="ID415" name="instance_53">
                <matrix>-0.6902718 -0.1507193 -0.7076782 67.81332 -0.6527237 -0.292323 0.6989271 226.2857 -0.3122124 0.944368 0.1034043 141.3526 0 0 0 1</matrix>
                <instance_node url="#ID6" />
            </node>
            <node id="ID416" name="instance_54">
                <matrix>0.4896329 -0.3596088 0.794318 161.4414 0.7754928 -0.2368373 -0.5852512 68.81432 0.3985856 0.9025462 0.1629107 200.8461 0 0 0 1</matrix>
                <instance_node url="#ID6" />
            </node>
            <node id="ID417" name="instance_55">
                <matrix>0.08541692 -0.7045225 0.7045225 205.2911 0.9963453 0.06039889 -0.06039889 203.8474 1.387779e-16 0.7071068 0.7071068 159.8512 0 0 0 1</matrix>
                <instance_node url="#ID359" />
            </node>
            <node id="ID418" name="instance_56">
                <matrix>1 0 0 161.5499 0 1 0 141.1114 0 0 1 0 0 0 0 1</matrix>
                <instance_node url="#ID419" />
            </node>
            <node id="ID426" name="instance_57">
                <matrix>-0.5778576 -0.5770964 0.5770964 205.1344 0.8161376 -0.408607 0.408607 113.981 1.110223e-16 0.7071068 0.7071068 141.8947 0 0 0 1</matrix>
                <instance_node url="#ID359" />
            </node>
            <node id="ID427" name="instance_58">
                <matrix>0.7277728 0.4849468 -0.4849468 138.4575 -0.6858184 0.5146131 -0.5146131 110.0291 8.326673e-17 0.7071068 0.7071068 157.579 0 0 0 1</matrix>
                <instance_node url="#ID359" />
            </node>
            <node id="ID428" name="instance_59">
                <matrix>-0.4352311 0.6366215 -0.6366215 142.2793 -0.9003188 -0.3077549 0.3077549 112.9582 5.551115e-16 0.7071068 0.7071068 157.579 0 0 0 1</matrix>
                <instance_node url="#ID359" />
            </node>
            <node id="ID429" name="instance_60">
                <matrix>-0.9957247 0.06531587 -0.06531587 205.1832 -0.09237059 -0.7040837 0.7040837 210.4734 4.857226e-16 0.7071068 0.7071068 158.8591 0 0 0 1</matrix>
                <instance_node url="#ID359" />
            </node>
            <node id="ID430" name="instance_61">
                <matrix>0.4821207 -0.8049588 0.3458338 235.9206 0.859808 0.3589464 -0.3631634 93.28397 0.1681958 0.4724393 0.8651655 143.2742 0 0 0 1</matrix>
                <instance_node url="#ID6" />
            </node>
            <node id="ID431" name="instance_62">
                <matrix>0.1873463 -0.3777729 0.9067464 236.4504 0.965787 0.2393546 -0.09982386 210.0073 -0.1793232 0.8944255 0.4096904 145.7654 0 0 0 1</matrix>
                <instance_node url="#ID6" />
            </node>
            <node id="ID432" name="instance_63">
                <matrix>-0.9131927 -0.02631858 0.4066774 237.6404 0.3804871 -0.4125105 0.8276863 213.023 0.1459752 0.9105726 0.3867154 145.0747 0 0 0 1</matrix>
                <instance_node url="#ID6" />
            </node>
            <node id="ID433" name="instance_64">
                <matrix>0.760406 0.6480202 0.04304146 163.4823 -0.642481 0.7602762 -0.09590741 170.9971 -0.09487334 0.04527525 0.9944593 118.5308 0 0 0 1</matrix>
                <instance_node url="#ID374" />
            </node>
            <node id="ID434" name="instance_65">
                <matrix>-0.9934037 0.1020399 -0.05231503 177.4776 -0.07161529 -0.9083983 -0.4119269 169.6011 -0.08955586 -0.4054632 0.9097139 182.8829 0 0 0 1</matrix>
                <instance_node url="#ID359" />
            </node>
            <node id="ID435" name="instance_66">
                <matrix>0.8217097 -0.569904 -0.001597963 169.9833 0.439642 0.6356721 -0.634536 137.0202 0.3626404 0.5207019 0.7728916 238.006 0 0 0 1</matrix>
                <instance_node url="#ID6" />
            </node>
            <node id="ID436" name="instance_67">
                <matrix>-0.9934037 0.04633537 -0.1048906 177.6309 -0.07161529 -0.9650922 0.2519291 169.6415 -0.08955586 0.2577791 0.9620445 181.505 0 0 0 1</matrix>
                <instance_node url="#ID359" />
            </node>
            <node id="ID437" name="instance_68">
                <matrix>-0.9987849 -0.04262747 0.02473024 171.259 0.04475067 -0.5743126 0.817412 178.6388 -0.02064131 0.8175255 0.5755224 225.5239 0 0 0 1</matrix>
                <instance_node url="#ID6" />
            </node>
            <node id="ID438" name="instance_69">
                <matrix>-0.4517452 -0.6895329 0.5661012 173.8263 0.892147 -0.3491501 0.2866495 140.3119 -3.053113e-16 0.634538 0.7728916 234.2776 0 0 0 1</matrix>
                <instance_node url="#ID6" />
            </node>
            <node id="ID439" name="instance_70">
                <matrix>-0.1226365 0.7670576 -0.6297483 169.1213 -0.9924517 -0.09478475 0.07781754 141.1098 -4.718448e-16 0.634538 0.7728916 238.0098 0 0 0 1</matrix>
                <instance_node url="#ID6" />
            </node>
            <node id="ID440" name="instance_71">
                <matrix>-0.8032781 0.4603374 -0.3779335 167.6997 -0.5956041 -0.6208469 0.5097105 184.0532 -3.330669e-16 0.634538 0.7728916 242.8589 0 0 0 1</matrix>
                <instance_node url="#ID6" />
            </node>
            <node id="ID441" name="instance_72">
                <matrix>-0.8334589 -0.4270855 0.3506339 169.5238 0.5525814 -0.6441734 0.5288614 181.7317 -6.106227e-16 0.634538 0.7728916 242.8341 0 0 0 1</matrix>
                <instance_node url="#ID6" />
            </node>
        </node>
        <node id="ID6" name="Component_10">
            <instance_geometry url="#ID343">
                <bind_material>
                    <technique_common>
                        <instance_material symbol="Material2" target="#ID344">
                            <bind_vertex_input semantic="UVSET0" input_semantic="TEXCOORD" input_set="0" />
                        </instance_material>
                    </technique_common>
                </bind_material>
            </instance_geometry>
            <node id="ID7" name="instance_2">
                <matrix>-0.4356229 -1.145504 0.5937903 21.52077 -0.1805035 0.5455709 1.507424 -2.318734 1.22262 -0.3276 0.4341203 39.53088 0 0 0 1</matrix>
                <instance_node url="#ID8" />
            </node>
            <node id="ID341" name="instance_8">
                <matrix>-0.1022685 -1.317457 0.1401103 28.23337 -0.7753308 0.0462727 1.462286 -4.756468 1.117953 -0.03789326 0.6993365 68.60626 0 0 0 1</matrix>
                <instance_node url="#ID10" />
            </node>
            <node id="ID342" name="instance_9">
                <matrix>1.155891 -0.6144033 0.1401103 13.82248 -0.5733054 -0.5351606 1.462286 7.844203 0.4434566 1.037007 0.6993365 11.48912 0 0 0 1</matrix>
                <instance_node url="#ID10" />
            </node>
        </node>
        <node id="ID8" name="sm3f_2">
            <node id="ID9" name="instance_3">
                <matrix>0.8105447 -0.5357445 0.2366329 21.17253 0.4597968 0.8323441 0.3094999 -5.317042 -0.3627729 -0.1420604 0.9209857 -0.8949932 0 0 0 1</matrix>
                <instance_node url="#ID10" />
            </node>
        </node>
        <node id="ID10" name="sm3l_2">
            <node id="ID11" name="instance_4">
                <matrix>1 0 0 -0.5898318 0 1 0 -0.3845937 0 0 1 -0.1582554 0 0 0 1</matrix>
                <instance_node url="#ID12" />
            </node>
        </node>
        <node id="ID12" name="sm3l">
            <node id="ID13" name="instance_5">
                <matrix>-1.221004e-17 0.9841956 0.1770847 0.07889608 -1 -4.915089e-18 -4.163336e-17 51.89438 -4.010499e-17 -0.1770847 0.9841956 4.841915 0 0 0 1</matrix>
                <instance_node url="#ID14" />
            </node>
            <node id="ID339" name="instance_6">
                <matrix>0.1791106 0.6958874 -0.6954567 -5.779801 -0.6788665 0.5990542 0.4245873 42.1606 0.7120812 0.3960742 0.5797116 -18.22453 0 0 0 1</matrix>
                <instance_node url="#ID14" />
            </node>
            <node id="ID340" name="instance_7">
                <matrix>-0.2183582 0.9096718 -0.3532943 7.001318 -0.7120812 -0.3960742 -0.5797116 42.89599 -0.6672781 0.1249895 0.7342462 26.32718 0 0 0 1</matrix>
                <instance_node url="#ID14" />
            </node>
        </node>
        <node id="ID14" name="leaf_n_twig">
            <instance_geometry url="#ID15">
                <bind_material>
                    <technique_common>
                        <instance_material symbol="Material2" target="#ID16">
                            <bind_vertex_input semantic="UVSET0" input_semantic="TEXCOORD" input_set="0" />
                        </instance_material>
                    </technique_common>
                </bind_material>
            </instance_geometry>
            <instance_geometry url="#ID23">
                <bind_material>
                    <technique_common>
                        <instance_material symbol="Material2" target="#ID16">
                            <bind_vertex_input semantic="UVSET0" input_semantic="TEXCOORD" input_set="0" />
                        </instance_material>
                    </technique_common>
                </bind_material>
            </instance_geometry>
            <instance_geometry url="#ID29">
                <bind_material>
                    <technique_common>
                        <instance_material symbol="Material2" target="#ID16">
                            <bind_vertex_input semantic="UVSET0" input_semantic="TEXCOORD" input_set="0" />
                        </instance_material>
                    </technique_common>
                </bind_material>
            </instance_geometry>
            <instance_geometry url="#ID35">
                <bind_material>
                    <technique_common>
                        <instance_material symbol="Material2" target="#ID16">
                            <bind_vertex_input semantic="UVSET0" input_semantic="TEXCOORD" input_set="0" />
                        </instance_material>
                    </technique_common>
                </bind_material>
            </instance_geometry>
            <instance_geometry url="#ID41">
                <bind_material>
                    <technique_common>
                        <instance_material symbol="Material2" target="#ID16">
                            <bind_vertex_input semantic="UVSET0" input_semantic="TEXCOORD" input_set="0" />
                        </instance_material>
                    </technique_common>
                </bind_material>
            </instance_geometry>
            <instance_geometry url="#ID47">
                <bind_material>
                    <technique_common>
                        <instance_material symbol="Material2" target="#ID16">
                            <bind_vertex_input semantic="UVSET0" input_semantic="TEXCOORD" input_set="0" />
                        </instance_material>
                    </technique_common>
                </bind_material>
            </instance_geometry>
            <instance_geometry url="#ID53">
                <bind_material>
                    <technique_common>
                        <instance_material symbol="Material2" target="#ID16">
                            <bind_vertex_input semantic="UVSET0" input_semantic="TEXCOORD" input_set="0" />
                        </instance_material>
                    </technique_common>
                </bind_material>
            </instance_geometry>
            <instance_geometry url="#ID59">
                <bind_material>
                    <technique_common>
                        <instance_material symbol="Material2" target="#ID16">
                            <bind_vertex_input semantic="UVSET0" input_semantic="TEXCOORD" input_set="0" />
                        </instance_material>
                    </technique_common>
                </bind_material>
            </instance_geometry>
            <instance_geometry url="#ID65">
                <bind_material>
                    <technique_common>
                        <instance_material symbol="Material2" target="#ID66">
                            <bind_vertex_input semantic="UVSET0" input_semantic="TEXCOORD" input_set="0" />
                        </instance_material>
                    </technique_common>
                </bind_material>
            </instance_geometry>
            <instance_geometry url="#ID73">
                <bind_material>
                    <technique_common>
                        <instance_material symbol="Material2" target="#ID74">
                            <bind_vertex_input semantic="UVSET0" input_semantic="TEXCOORD" input_set="0" />
                        </instance_material>
                    </technique_common>
                </bind_material>
            </instance_geometry>
            <instance_geometry url="#ID81">
                <bind_material>
                    <technique_common>
                        <instance_material symbol="Material2" target="#ID16">
                            <bind_vertex_input semantic="UVSET0" input_semantic="TEXCOORD" input_set="0" />
                        </instance_material>
                    </technique_common>
                </bind_material>
            </instance_geometry>
            <instance_geometry url="#ID87">
                <bind_material>
                    <technique_common>
                        <instance_material symbol="Material2" target="#ID16">
                            <bind_vertex_input semantic="UVSET0" input_semantic="TEXCOORD" input_set="0" />
                        </instance_material>
                    </technique_common>
                </bind_material>
            </instance_geometry>
            <instance_geometry url="#ID93">
                <bind_material>
                    <technique_common>
                        <instance_material symbol="Material2" target="#ID16">
                            <bind_vertex_input semantic="UVSET0" input_semantic="TEXCOORD" input_set="0" />
                        </instance_material>
                    </technique_common>
                </bind_material>
            </instance_geometry>
            <instance_geometry url="#ID99">
                <bind_material>
                    <technique_common>
                        <instance_material symbol="Material2" target="#ID16">
                            <bind_vertex_input semantic="UVSET0" input_semantic="TEXCOORD" input_set="0" />
                        </instance_material>
                    </technique_common>
                </bind_material>
            </instance_geometry>
            <instance_geometry url="#ID105">
                <bind_material>
                    <technique_common>
                        <instance_material symbol="Material2" target="#ID16">
                            <bind_vertex_input semantic="UVSET0" input_semantic="TEXCOORD" input_set="0" />
                        </instance_material>
                    </technique_common>
                </bind_material>
            </instance_geometry>
            <instance_geometry url="#ID111">
                <bind_material>
                    <technique_common>
                        <instance_material symbol="Material2" target="#ID16">
                            <bind_vertex_input semantic="UVSET0" input_semantic="TEXCOORD" input_set="0" />
                        </instance_material>
                    </technique_common>
                </bind_material>
            </instance_geometry>
            <instance_geometry url="#ID117">
                <bind_material>
                    <technique_common>
                        <instance_material symbol="Material2" target="#ID66">
                            <bind_vertex_input semantic="UVSET0" input_semantic="TEXCOORD" input_set="0" />
                        </instance_material>
                    </technique_common>
                </bind_material>
            </instance_geometry>
            <instance_geometry url="#ID123">
                <bind_material>
                    <technique_common>
                        <instance_material symbol="Material2" target="#ID16">
                            <bind_vertex_input semantic="UVSET0" input_semantic="TEXCOORD" input_set="0" />
                        </instance_material>
                    </technique_common>
                </bind_material>
            </instance_geometry>
            <instance_geometry url="#ID129">
                <bind_material>
                    <technique_common>
                        <instance_material symbol="Material2" target="#ID16">
                            <bind_vertex_input semantic="UVSET0" input_semantic="TEXCOORD" input_set="0" />
                        </instance_material>
                    </technique_common>
                </bind_material>
            </instance_geometry>
            <instance_geometry url="#ID135">
                <bind_material>
                    <technique_common>
                        <instance_material symbol="Material2" target="#ID16">
                            <bind_vertex_input semantic="UVSET0" input_semantic="TEXCOORD" input_set="0" />
                        </instance_material>
                    </technique_common>
                </bind_material>
            </instance_geometry>
            <instance_geometry url="#ID141">
                <bind_material>
                    <technique_common>
                        <instance_material symbol="Material2" target="#ID16">
                            <bind_vertex_input semantic="UVSET0" input_semantic="TEXCOORD" input_set="0" />
                        </instance_material>
                    </technique_common>
                </bind_material>
            </instance_geometry>
            <instance_geometry url="#ID147">
                <bind_material>
                    <technique_common>
                        <instance_material symbol="Material2" target="#ID16">
                            <bind_vertex_input semantic="UVSET0" input_semantic="TEXCOORD" input_set="0" />
                        </instance_material>
                    </technique_common>
                </bind_material>
            </instance_geometry>
            <instance_geometry url="#ID153">
                <bind_material>
                    <technique_common>
                        <instance_material symbol="Material2" target="#ID66">
                            <bind_vertex_input semantic="UVSET0" input_semantic="TEXCOORD" input_set="0" />
                        </instance_material>
                    </technique_common>
                </bind_material>
            </instance_geometry>
            <instance_geometry url="#ID159">
                <bind_material>
                    <technique_common>
                        <instance_material symbol="Material2" target="#ID16">
                            <bind_vertex_input semantic="UVSET0" input_semantic="TEXCOORD" input_set="0" />
                        </instance_material>
                    </technique_common>
                </bind_material>
            </instance_geometry>
            <instance_geometry url="#ID165">
                <bind_material>
                    <technique_common>
                        <instance_material symbol="Material2" target="#ID16">
                            <bind_vertex_input semantic="UVSET0" input_semantic="TEXCOORD" input_set="0" />
                        </instance_material>
                    </technique_common>
                </bind_material>
            </instance_geometry>
            <instance_geometry url="#ID171">
                <bind_material>
                    <technique_common>
                        <instance_material symbol="Material2" target="#ID66">
                            <bind_vertex_input semantic="UVSET0" input_semantic="TEXCOORD" input_set="0" />
                        </instance_material>
                    </technique_common>
                </bind_material>
            </instance_geometry>
            <instance_geometry url="#ID177">
                <bind_material>
                    <technique_common>
                        <instance_material symbol="Material2" target="#ID66">
                            <bind_vertex_input semantic="UVSET0" input_semantic="TEXCOORD" input_set="0" />
                        </instance_material>
                    </technique_common>
                </bind_material>
            </instance_geometry>
            <instance_geometry url="#ID183">
                <bind_material>
                    <technique_common>
                        <instance_material symbol="Material2" target="#ID66">
                            <bind_vertex_input semantic="UVSET0" input_semantic="TEXCOORD" input_set="0" />
                        </instance_material>
                    </technique_common>
                </bind_material>
            </instance_geometry>
            <instance_geometry url="#ID189">
                <bind_material>
                    <technique_common>
                        <instance_material symbol="Material2" target="#ID16">
                            <bind_vertex_input semantic="UVSET0" input_semantic="TEXCOORD" input_set="0" />
                        </instance_material>
                    </technique_common>
                </bind_material>
            </instance_geometry>
            <instance_geometry url="#ID195">
                <bind_material>
                    <technique_common>
                        <instance_material symbol="Material2" target="#ID16">
                            <bind_vertex_input semantic="UVSET0" input_semantic="TEXCOORD" input_set="0" />
                        </instance_material>
                    </technique_common>
                </bind_material>
            </instance_geometry>
            <instance_geometry url="#ID201">
                <bind_material>
                    <technique_common>
                        <instance_material symbol="Material2" target="#ID16">
                            <bind_vertex_input semantic="UVSET0" input_semantic="TEXCOORD" input_set="0" />
                        </instance_material>
                    </technique_common>
                </bind_material>
            </instance_geometry>
            <instance_geometry url="#ID207">
                <bind_material>
                    <technique_common>
                        <instance_material symbol="Material2" target="#ID16">
                            <bind_vertex_input semantic="UVSET0" input_semantic="TEXCOORD" input_set="0" />
                        </instance_material>
                    </technique_common>
                </bind_material>
            </instance_geometry>
            <instance_geometry url="#ID213">
                <bind_material>
                    <technique_common>
                        <instance_material symbol="Material2" target="#ID16">
                            <bind_vertex_input semantic="UVSET0" input_semantic="TEXCOORD" input_set="0" />
                        </instance_material>
                    </technique_common>
                </bind_material>
            </instance_geometry>
            <instance_geometry url="#ID219">
                <bind_material>
                    <technique_common>
                        <instance_material symbol="Material2" target="#ID66">
                            <bind_vertex_input semantic="UVSET0" input_semantic="TEXCOORD" input_set="0" />
                        </instance_material>
                    </technique_common>
                </bind_material>
            </instance_geometry>
            <instance_geometry url="#ID225">
                <bind_material>
                    <technique_common>
                        <instance_material symbol="Material2" target="#ID16">
                            <bind_vertex_input semantic="UVSET0" input_semantic="TEXCOORD" input_set="0" />
                        </instance_material>
                    </technique_common>
                </bind_material>
            </instance_geometry>
            <instance_geometry url="#ID231">
                <bind_material>
                    <technique_common>
                        <instance_material symbol="Material2" target="#ID66">
                            <bind_vertex_input semantic="UVSET0" input_semantic="TEXCOORD" input_set="0" />
                        </instance_material>
                    </technique_common>
                </bind_material>
            </instance_geometry>
            <instance_geometry url="#ID237">
                <bind_material>
                    <technique_common>
                        <instance_material symbol="Material2" target="#ID66">
                            <bind_vertex_input semantic="UVSET0" input_semantic="TEXCOORD" input_set="0" />
                        </instance_material>
                    </technique_common>
                </bind_material>
            </instance_geometry>
            <instance_geometry url="#ID243">
                <bind_material>
                    <technique_common>
                        <instance_material symbol="Material2" target="#ID66">
                            <bind_vertex_input semantic="UVSET0" input_semantic="TEXCOORD" input_set="0" />
                        </instance_material>
                    </technique_common>
                </bind_material>
            </instance_geometry>
            <instance_geometry url="#ID249">
                <bind_material>
                    <technique_common>
                        <instance_material symbol="Material2" target="#ID66">
                            <bind_vertex_input semantic="UVSET0" input_semantic="TEXCOORD" input_set="0" />
                        </instance_material>
                    </technique_common>
                </bind_material>
            </instance_geometry>
            <instance_geometry url="#ID255">
                <bind_material>
                    <technique_common>
