<?xml version="1.0" encoding="UTF-8" standalone="no" ?>
<COLLADA xmlns="http://www.collada.org/2005/11/COLLADASchema" version="1.4.1">
    <asset>
        <contributor>
            <authoring_tool>SketchUp 15.3.331</authoring_tool>
        </contributor>
        <created>2017-12-20T02:49:45Z</created>
        <modified>2017-12-20T02:49:45Z</modified>
        <unit meter="0.0254" name="inch" />
        <up_axis>Z_UP</up_axis>
    </asset>
    <library_cameras>
        <camera id="ID1" name="skp_camera_Last_Saved_SketchUp_View">
            <optics>
                <technique_common>
                    <perspective>
                        <yfov>35</yfov>
                        <aspect_ratio>0</aspect_ratio>
                        <znear>1</znear>
                        <zfar>1000</zfar>
                    </perspective>
                </technique_common>
            </optics>
        </camera>
        <camera id="ID2" name="skp_camera_Szene_1">
            <optics>
                <technique_common>
                    <perspective>
                        <yfov>35</yfov>
                        <aspect_ratio>0</aspect_ratio>
                        <znear>1</znear>
                        <zfar>1000</zfar>
                    </perspective>
                </technique_common>
            </optics>
        </camera>
    </library_cameras>
    <library_visual_scenes>
        <visual_scene id="ID3">
            <node name="SketchUp">
                <node name="skp_camera_Last_Saved_SketchUp_View">
                    <matrix>-0.5873281 -0.005975997 -0.8093269 -52.62886 -0.8093489 0.00433666 0.5873121 32.09777 -8.673617e-19 0.9999728 -0.007383709 61.95881 0 0 0 1</matrix>
                    <instance_camera url="#ID1" />
                </node>
                <node name="skp_camera_Szene_1">
                    <matrix>-0.5873281 -0.005975997 -0.8093269 -52.62886 -0.8093489 0.00433666 0.5873121 32.09777 -8.673617e-19 0.9999728 -0.007383709 61.95881 0 0 0 1</matrix>
                    <instance_camera url="#ID2" />
                </node>
                <node id="ID4" name="group_0">
                    <matrix>-1 0 -1.387779e-16 3.849442 0 1 0 68.51937 1.387779e-16 0 -1 76.63971 0 0 0 1</matrix>
                    <node id="ID5" name="group_1">
                        <matrix>0 -1 0 14.36489 -1 -0 -0 35.02272 0 0 -1 74.40945 0 0 0 1</matrix>
                        <node id="ID6" name="group_2">
                            <matrix>1 0 0 0 0 1 0 0 0 0 1 0 0 0 0 1</matrix>
                            <node id="ID7" name="instance_0">
                                <matrix>1 0 0 2.106136 0 1 0 8.465363 0 0 1 5.63408 0 0 0 1</matrix>
                                <instance_node url="#ID8" />
                            </node>
                            <node id="ID60" name="instance_4">
                                <matrix>1 0 0 4.350049 0 1 0 7.611198 0 0 1 23.61417 0 0 0 1</matrix>
                                <instance_node url="#ID61" />
                            </node>
                        </node>
                        <node id="ID87" name="instance_7">
                            <matrix>1 0 0 6.93303 0 1 0 8.236878 0 0 1 40.55118 0 0 0 1</matrix>
                            <instance_node url="#ID88" />
                        </node>
                    </node>
                    <node id="ID114" name="group_5">
                        <matrix>0 -1 0 18.37286 -1 -0 -0 47.96682 0 0 -1 33.98989 0 0 0 1</matrix>
                        <node id="ID115" name="group_6">
                            <matrix>1 0 0 0 0 1 0 0 0 0 1 0 0 0 0 1</matrix>
                            <node id="ID116" name="instance_10">
                                <matrix>0.9161712 0.03258569 0.3994603 8.865003 -0.3559597 0.5241865 0.7736415 13.2759 -0.184182 -0.8509799 0.4918437 11.96864 0 0 0 1</matrix>
                                <instance_node url="#ID117" />
                            </node>
                            <node id="ID143" name="instance_13">
                                <matrix>0.8365022 -0.4613737 0.2956321 2.579146 0.1583864 0.7200615 0.6755925 3.831929 -0.5245739 -0.5183105 0.6754084 6.019055 0 0 0 1</matrix>
                                <instance_node url="#ID144" />
                            </node>
                        </node>
                        <node id="ID211" name="instance_16">
                            <matrix>0.6620746 -8.271806e-25 0.749438 16.52962 1.116679e-08 1 -9.865061e-09 12.5609 -0.749438 1.490023e-08 0.6620746 18.4362 0 0 0 1</matrix>
                            <instance_node url="#ID212" />
                        </node>
                    </node>
                    <node id="ID242" name="group_17">
                        <matrix>-0 -1 0 14.36489 1 -0 -0 13.57003 -0 0 -1 74.40945 0 0 0 1</matrix>
                        <node id="ID243" name="group_2">
                            <matrix>1 0 0 0 0 1 0 0 0 0 1 0 0 0 0 1</matrix>
                            <node id="ID244" name="instance_0">
                                <matrix>1 0 0 2.106136 0 1 0 8.465363 0 0 1 5.63408 0 0 0 1</matrix>
                                <instance_node url="#ID245" />
                            </node>
                            <node id="ID280" name="instance_4">
                                <matrix>1 0 0 4.350049 0 1 0 7.611198 0 0 1 23.61417 0 0 0 1</matrix>
                                <instance_node url="#ID281" />
                            </node>
                        </node>
                        <node id="ID302" name="instance_7">
                            <matrix>1 0 0 6.93303 0 1 0 8.236878 0 0 1 40.55118 0 0 0 1</matrix>
                            <instance_node url="#ID303" />
                        </node>
                    </node>
                    <node id="ID324" name="group_18">
                        <matrix>-0 -1 0 18.37286 1 -0 -0 0.6259297 -0 0 -1 33.98989 0 0 0 1</matrix>
                        <node id="ID325" name="group_6">
                            <matrix>1 0 0 0 0 1 0 0 0 0 1 0 0 0 0 1</matrix>
                            <node id="ID326" name="instance_10">
                                <matrix>0.9161712 0.03258569 0.3994603 8.865003 -0.3559597 0.5241865 0.7736415 13.2759 -0.184182 -0.8509799 0.4918437 11.96864 0 0 0 1</matrix>
                                <instance_node url="#ID327" />
                            </node>
                            <node id="ID348" name="instance_13">
                                <matrix>0.8365022 -0.4613737 0.2956321 2.579146 0.1583864 0.7200615 0.6755925 3.831929 -0.5245739 -0.5183105 0.6754084 6.019055 0 0 0 1</matrix>
                                <instance_node url="#ID349" />
                            </node>
                        </node>
                        <node id="ID416" name="instance_16">
                            <matrix>0.6620746 -8.271806e-25 0.749438 16.52962 1.116679e-08 1 -9.865061e-09 12.5609 -0.749438 1.490023e-08 0.6620746 18.4362 0 0 0 1</matrix>
                            <instance_node url="#ID417" />
                        </node>
                    </node>
                    <node id="ID447" name="group_19">
                        <matrix>1 0 0 3.352162 0 1 0 20.56578 0 0 1 0 0 0 0 1</matrix>
                        <node id="ID448" name="instance_19">
                            <matrix>1 0 0 3.642582 0 -1 0 3.7306 -0 0 1 10.62977 0 0 0 1</matrix>
                            <instance_node url="#ID449" />
                        </node>
                        <node id="ID652" name="instance_25">
                            <matrix>1 0 0 3.642582 0 1 0 3.7306 0 0 1 10.62977 0 0 0 1</matrix>
                            <instance_node url="#ID653" />
                        </node>
                    </node>
                    <node id="ID828" name="group_21">
                        <matrix>1 0 0 1.107968 0 1 0 13.22625 0 0 1 9.055117 0 0 0 1</matrix>
                        <node id="ID829" name="instance_26">
                            <matrix>1 5.261745e-15 0 9.798663 0 0 -1 11.0701 5.261745e-15 -1 0 16.52897 0 0 0 1</matrix>
                            <instance_node url="#ID830" />
                        </node>
                        <node id="ID1105" name="instance_30">
                            <matrix>1 5.261745e-15 0 9.798663 -0 0 1 11.07014 5.261745e-15 -1 0 16.52897 0 0 0 1</matrix>
                            <instance_node url="#ID1106" />
                        </node>
                    </node>
                    <node id="ID1357" name="group_30">
                        <matrix>1 0 0 0 0 1 0 14.15994 0 0 1 29.52756 0 0 0 1</matrix>
                        <node id="ID1358" name="instance_31">
                            <matrix>1 0 0 0 0 1 0 10.13644 0 0 1 0 0 0 0 1</matrix>
                            <instance_node url="#ID1359" />
                        </node>
                        <node id="ID1376" name="instance_32">
                            <matrix>1 0 0 0 0 -1 0 10.13644 -0 0 1 0 0 0 0 1</matrix>
                            <instance_node url="#ID1377" />
                        </node>
                    </node>
                </node>
                <node id="ID1394" name="group_31">
                    <matrix>-1 0 -1.387779e-16 3.849442 0 1 0 -14.26803 1.387779e-16 0 -1 76.63971 0 0 0 1</matrix>
                    <node id="ID1395" name="group_32">
                        <matrix>0 -1 0 14.36489 -1 -0 -0 35.02272 0 0 -1 74.40945 0 0 0 1</matrix>
                        <node id="ID1396" name="group_2">
                            <matrix>1 0 0 0 0 1 0 0 0 0 1 0 0 0 0 1</matrix>
                            <node id="ID1397" name="instance_0">
                                <matrix>1 0 0 2.106136 0 1 0 8.465363 0 0 1 5.63408 0 0 0 1</matrix>
                                <instance_node url="#ID8" />
                            </node>
                            <node id="ID1398" name="instance_4">
                                <matrix>1 0 0 4.350049 0 1 0 7.611198 0 0 1 23.61417 0 0 0 1</matrix>
                                <instance_node url="#ID61" />
                            </node>
                        </node>
                        <node id="ID1399" name="instance_7">
                            <matrix>1 0 0 6.93303 0 1 0 8.236878 0 0 1 40.55118 0 0 0 1</matrix>
                            <instance_node url="#ID88" />
                        </node>
                    </node>
                    <node id="ID1400" name="group_33">
                        <matrix>0.2074955 -0.9291326 0.3060364 8.675397 -0.827692 -8.326673e-17 0.5611826 36.3589 -0.5214131 -0.3697468 -0.7690356 42.40811 0 0 0 1</matrix>
                        <node id="ID1401" name="group_34">
                            <matrix>1 0 0 0 0 1 0 0 0 0 1 0 0 0 0 1</matrix>
                            <node id="ID1402" name="instance_10">
                                <matrix>0.9161712 0.03258569 0.3994603 8.865003 -0.3559597 0.5241865 0.7736415 13.2759 -0.184182 -0.8509799 0.4918437 11.96864 0 0 0 1</matrix>
                                <instance_node url="#ID117" />
                            </node>
                            <node id="ID1403" name="instance_13">
                                <matrix>0.8365022 -0.4613737 0.2956321 2.579146 0.1583864 0.7200615 0.6755925 3.831929 -0.5245739 -0.5183105 0.6754084 6.019055 0 0 0 1</matrix>
                                <instance_node url="#ID144" />
                            </node>
                        </node>
                        <node id="ID1404" name="instance_33">
                            <matrix>0.58155 0.03241843 0.8128644 17.26254 -0.03878238 0.9991744 -0.0121026 12.39604 -0.8125857 -0.02448655 0.5823272 17.43874 0 0 0 1</matrix>
                            <instance_node url="#ID212" />
                        </node>
                    </node>
                    <node id="ID1405" name="group_35">
                        <matrix>-0 -1 0 14.36489 1 -0 -0 13.57003 -0 0 -1 74.40945 0 0 0 1</matrix>
                        <node id="ID1406" name="group_2">
                            <matrix>1 0 0 0 0 1 0 0 0 0 1 0 0 0 0 1</matrix>
                            <node id="ID1407" name="instance_0">
                                <matrix>1 0 0 2.106136 0 1 0 8.465363 0 0 1 5.63408 0 0 0 1</matrix>
                                <instance_node url="#ID245" />
                            </node>
                            <node id="ID1408" name="instance_4">
                                <matrix>1 0 0 4.350049 0 1 0 7.611198 0 0 1 23.61417 0 0 0 1</matrix>
                                <instance_node url="#ID281" />
                            </node>
                        </node>
                        <node id="ID1409" name="instance_7">
                            <matrix>1 0 0 6.93303 0 1 0 8.236878 0 0 1 40.55118 0 0 0 1</matrix>
                            <instance_node url="#ID303" />
                        </node>
                    </node>
                    <node id="ID1410" name="group_36">
                        <matrix>-1.110223e-16 -0.7071068 0.7071068 2.304143 0.8396199 -0.3840823 -0.3840823 14.88969 -0.5431744 -0.5937009 -0.5937009 44.49097 0 0 0 1</matrix>
                        <node id="ID1411" name="group_37">
                            <matrix>1 0 1.110223e-16 1.421085e-14 -1.098313e-16 0.146083 0.9892723 -0.9303191 -1.621847e-17 -0.9892723 0.146083 21.42029 0 0 0 1</matrix>
                            <node id="ID1412" name="instance_10">
                                <matrix>0.9161712 0.03258569 0.3994603 8.865003 -0.3559597 0.5241865 0.7736415 13.2759 -0.184182 -0.8509799 0.4918437 11.96864 0 0 0 1</matrix>
                                <instance_node url="#ID327" />
                            </node>
                            <node id="ID1413" name="instance_13">
                                <matrix>0.8365022 -0.4613737 0.2956321 2.579146 0.1583864 0.7200615 0.6755925 3.831929 -0.5245739 -0.5183105 0.6754084 6.019055 0 0 0 1</matrix>
                                <instance_node url="#ID349" />
                            </node>
                        </node>
                        <node id="ID1414" name="instance_34">
                            <matrix>0.6620746 6.052785e-17 0.749438 16.52962 1.116679e-08 1 -9.865061e-09 12.5609 -0.749438 1.490023e-08 0.6620746 18.4362 0 0 0 1</matrix>
                            <instance_node url="#ID417" />
                        </node>
                    </node>
                    <node id="ID1415" name="group_38">
                        <matrix>1 0 0 3.352162 0 1 0 20.56578 0 0 1 0 0 0 0 1</matrix>
                        <node id="ID1416" name="instance_19">
                            <matrix>1 0 0 3.642582 0 -1 0 3.7306 -0 0 1 10.62977 0 0 0 1</matrix>
                            <instance_node url="#ID449" />
                        </node>
                        <node id="ID1417" name="instance_25">
                            <matrix>1 0 0 3.642582 0 1 0 3.7306 0 0 1 10.62977 0 0 0 1</matrix>
                            <instance_node url="#ID653" />
                        </node>
                    </node>
                    <node id="ID1418" name="group_39">
                        <matrix>1 0 0 1.107968 0 1 0 13.22625 0 0 1 9.055117 0 0 0 1</matrix>
                        <node id="ID1419" name="instance_35">
                            <matrix>1 5.261745e-15 0 9.798663 0 0 -1 11.0701 5.261745e-15 -1 0 16.52897 0 0 0 1</matrix>
                            <instance_node url="#ID830" />
                        </node>
                        <node id="ID1420" name="instance_36">
                            <matrix>1 5.261745e-15 0 9.798663 -0 0 1 11.07014 5.261745e-15 -1 0 16.52897 0 0 0 1</matrix>
                            <instance_node url="#ID1106" />
                        </node>
                    </node>
                    <node id="ID1421" name="group_40">
                        <matrix>1 0 0 0 0 1 0 14.15994 0 0 1 29.52756 0 0 0 1</matrix>
                        <node id="ID1422" name="instance_31">
                            <matrix>1 0 0 0 0 1 0 10.13644 0 0 1 0 0 0 0 1</matrix>
                            <instance_node url="#ID1359" />
                        </node>
                        <node id="ID1423" name="instance_32">
                            <matrix>1 0 0 0 0 -1 0 10.13644 -0 0 1 0 0 0 0 1</matrix>
                            <instance_node url="#ID1377" />
                        </node>
                    </node>
                    <node id="ID1424" name="instance_37">
                        <matrix>0.2149652 -0.219312 0 11.24907 0.5408456 0.08716802 0 5.661787 -0 0 0.4 27.23971 0 0 0 1</matrix>
                        <instance_node url="#ID1425" />
                    </node>
                </node>
                <node id="ID1434" name="group_41">
                    <matrix>-1 0 -1.387779e-16 3.684087 0 1 0 68.51937 1.387779e-16 0 -1 76.63971 0 0 0 1</matrix>
                    <node id="ID1435" name="group_1">
                        <matrix>0 -1 0 14.36489 -1 -0 -0 35.02272 0 0 -1 74.40945 0 0 0 1</matrix>
                        <node id="ID1436" name="group_2">
                            <matrix>1 0 0 0 0 1 0 0 0 0 1 0 0 0 0 1</matrix>
                            <node id="ID1437" name="instance_0">
                                <matrix>1 0 0 2.106136 0 1 0 8.465363 0 0 1 5.63408 0 0 0 1</matrix>
                                <instance_node url="#ID8" />
                            </node>
                            <node id="ID1438" name="instance_4">
                                <matrix>1 0 0 4.350049 0 1 0 7.611198 0 0 1 23.61417 0 0 0 1</matrix>
                                <instance_node url="#ID61" />
                            </node>
                        </node>
                        <node id="ID1439" name="instance_7">
                            <matrix>1 0 0 6.93303 0 1 0 8.236878 0 0 1 40.55118 0 0 0 1</matrix>
                            <instance_node url="#ID88" />
                        </node>
                    </node>
                    <node id="ID1440" name="group_5">
                        <matrix>0 -1 0 18.37286 -1 -0 -0 47.96682 0 0 -1 33.98989 0 0 0 1</matrix>
                        <node id="ID1441" name="group_6">
                            <matrix>1 0 0 0 0 1 0 0 0 0 1 0 0 0 0 1</matrix>
                            <node id="ID1442" name="instance_10">
                                <matrix>0.9161712 0.03258569 0.3994603 8.865003 -0.3559597 0.5241865 0.7736415 13.2759 -0.184182 -0.8509799 0.4918437 11.96864 0 0 0 1</matrix>
                                <instance_node url="#ID117" />
                            </node>
                            <node id="ID1443" name="instance_13">
                                <matrix>0.8365022 -0.4613737 0.2956321 2.579146 0.1583864 0.7200615 0.6755925 3.831929 -0.5245739 -0.5183105 0.6754084 6.019055 0 0 0 1</matrix>
                                <instance_node url="#ID144" />
                            </node>
                        </node>
                        <node id="ID1444" name="instance_16">
                            <matrix>0.6620746 -8.271806e-25 0.749438 16.52962 1.116679e-08 1 -9.865061e-09 12.5609 -0.749438 1.490023e-08 0.6620746 18.4362 0 0 0 1</matrix>
                            <instance_node url="#ID212" />
                        </node>
                    </node>
                    <node id="ID1445" name="group_17">
                        <matrix>-0 -1 0 14.36489 1 -0 -0 13.57003 -0 0 -1 74.40945 0 0 0 1</matrix>
                        <node id="ID1446" name="group_2">
                            <matrix>1 0 0 0 0 1 0 0 0 0 1 0 0 0 0 1</matrix>
                            <node id="ID1447" name="instance_0">
                                <matrix>1 0 0 2.106136 0 1 0 8.465363 0 0 1 5.63408 0 0 0 1</matrix>
                                <instance_node url="#ID245" />
                            </node>
                            <node id="ID1448" name="instance_4">
                                <matrix>1 0 0 4.350049 0 1 0 7.611198 0 0 1 23.61417 0 0 0 1</matrix>
                                <instance_node url="#ID281" />
                            </node>
                        </node>
                        <node id="ID1449" name="instance_7">
                            <matrix>1 0 0 6.93303 0 1 0 8.236878 0 0 1 40.55118 0 0 0 1</matrix>
                            <instance_node url="#ID303" />
                        </node>
                    </node>
                    <node id="ID1450" name="group_18">
                        <matrix>-0 -1 0 18.37286 1 -0 -0 0.6259297 -0 0 -1 33.98989 0 0 0 1</matrix>
                        <node id="ID1451" name="group_6">
                            <matrix>1 0 0 0 0 1 0 0 0 0 1 0 0 0 0 1</matrix>
                            <node id="ID1452" name="instance_10">
                                <matrix>0.9161712 0.03258569 0.3994603 8.865003 -0.3559597 0.5241865 0.7736415 13.2759 -0.184182 -0.8509799 0.4918437 11.96864 0 0 0 1</matrix>
                                <instance_node url="#ID327" />
                            </node>
                            <node id="ID1453" name="instance_13">
                                <matrix>0.8365022 -0.4613737 0.2956321 2.579146 0.1583864 0.7200615 0.6755925 3.831929 -0.5245739 -0.5183105 0.6754084 6.019055 0 0 0 1</matrix>
                                <instance_node url="#ID349" />
                            </node>
                        </node>
                        <node id="ID1454" name="instance_16">
                            <matrix>0.6620746 -8.271806e-25 0.749438 16.52962 1.116679e-08 1 -9.865061e-09 12.5609 -0.749438 1.490023e-08 0.6620746 18.4362 0 0 0 1</matrix>
                            <instance_node url="#ID417" />
                        </node>
                    </node>
                    <node id="ID1455" name="group_19">
                        <matrix>1 0 0 3.352162 0 1 0 20.56578 0 0 1 0 0 0 0 1</matrix>
                        <node id="ID1456" name="instance_19">
                            <matrix>1 0 0 3.642582 0 -1 0 3.7306 -0 0 1 10.62977 0 0 0 1</matrix>
                            <instance_node url="#ID449" />
                        </node>
                        <node id="ID1457" name="instance_25">
                            <matrix>1 0 0 3.642582 0 1 0 3.7306 0 0 1 10.62977 0 0 0 1</matrix>
                            <instance_node url="#ID653" />
                        </node>
                    </node>
                    <node id="ID1458" name="group_21">
                        <matrix>1 0 0 1.107968 0 1 0 13.22625 0 0 1 9.055117 0 0 0 1</matrix>
                        <node id="ID1459" name="instance_26">
                            <matrix>1 5.261745e-15 0 9.798663 0 0 -1 11.0701 5.261745e-15 -1 0 16.52897 0 0 0 1</matrix>
                            <instance_node url="#ID830" />
                        </node>
                        <node id="ID1460" name="instance_30">
                            <matrix>1 5.261745e-15 0 9.798663 -0 0 1 11.07014 5.261745e-15 -1 0 16.52897 0 0 0 1</matrix>
                            <instance_node url="#ID1106" />
                        </node>
                    </node>
                    <node id="ID1461" name="group_30">
                        <matrix>1 0 0 0 0 1 0 14.15994 0 0 1 29.52756 0 0 0 1</matrix>
                        <node id="ID1462" name="instance_31">
                            <matrix>1 0 0 0 0 1 0 10.13644 0 0 1 0 0 0 0 1</matrix>
                            <instance_node url="#ID1359" />
                        </node>
                        <node id="ID1463" name="instance_32">
                            <matrix>1 0 0 0 0 -1 0 10.13644 -0 0 1 0 0 0 0 1</matrix>
                            <instance_node url="#ID1377" />
                        </node>
                    </node>
                </node>
            </node>
        </visual_scene>
    </library_visual_scenes>
    <library_nodes>
        <node id="ID8" name="Gruppe_58">
            <node id="ID9" name="instance_1">
                <matrix>1 0 0 -2.106136 0 1 0 -8.465363 0 0 1 -5.63408 0 0 0 1</matrix>
                <instance_node url="#ID10" />
            </node>
            <node id="ID24" name="instance_2">
                <matrix>9.848415e-39 -1 1.577722e-30 0.1968504 -1 -9.848428e-39 -7.94945e-15 0.5905512 7.94945e-15 -1.577722e-30 -1 0.3937008 0 0 0 1</matrix>
                <instance_node url="#ID25" />
            </node>
            <node id="ID26" name="instance_3">
                <matrix>0 -1.231247 0 2.40789 -1.366978 0 0 3.763265 0 0 -1.520875 -1.749094 0 0 0 1</matrix>
                <instance_node url="#ID27" />
            </node>
        </node>
        <node id="ID10" name="Gruppe_13">
            <instance_geometry url="#ID11">
                <bind_material>
                    <technique_common>
                        <instance_material symbol="Material2" target="#ID12">
                            <bind_vertex_input semantic="UVSET0" input_semantic="TEXCOORD" input_set="0" />
                        </instance_material>
                    </technique_common>
                </bind_material>
            </instance_geometry>
        </node>
        <node id="ID25" name="Gruppe_36" />
        <node id="ID27" name="Gruppe_88">
            <instance_geometry url="#ID28">
                <bind_material>
                    <technique_common>
                        <instance_material symbol="Material2" target="#ID29">
                            <bind_vertex_input semantic="UVSET0" input_semantic="TEXCOORD" input_set="0" />
                        </instance_material>
                        <instance_material symbol="Material3" target="#ID38">
                            <bind_vertex_input semantic="UVSET0" input_semantic="TEXCOORD" input_set="0" />
                        </instance_material>
                    </technique_common>
                </bind_material>
            </instance_geometry>
            <instance_geometry url="#ID46">
                <bind_material>
                    <technique_common>
                        <instance_material symbol="Material2" target="#ID29">
                            <bind_vertex_input semantic="UVSET0" input_semantic="TEXCOORD" input_set="0" />
                        </instance_material>
                    </technique_common>
                </bind_material>
            </instance_geometry>
            <instance_geometry url="#ID54">
                <bind_material>
                    <technique_common>
                        <instance_material symbol="Material2" target="#ID55">
                            <bind_vertex_input semantic="UVSET0" input_semantic="TEXCOORD" input_set="0" />
                        </instance_material>
                    </technique_common>
                </bind_material>
            </instance_geometry>
        </node>
        <node id="ID61" name="Gruppe_61">
            <node id="ID62" name="group_3">
                <matrix>0 -1 0 2.66098 -1 -0 0 3.94897 0 -0 -1 -0.09448822 0 0 0 1</matrix>
                <instance_geometry url="#ID63">
                    <bind_material>
                        <technique_common>
                            <instance_material symbol="Material2" target="#ID64">
                                <bind_vertex_input semantic="UVSET0" input_semantic="TEXCOORD" input_set="0" />
                            </instance_material>
                        </technique_common>
                    </bind_material>
                </instance_geometry>
            </node>
            <node id="ID76" name="instance_5">
                <matrix>1 0 0 -3.515494 0 1 0 -2.643671 0 0 1 -21.25197 0 0 0 1</matrix>
                <instance_node url="#ID77" />
            </node>
            <node id="ID86" name="instance_6">
                <matrix>-5.378332e-22 2 -2.724043e-14 -0.3937008 2 5.325825e-22 -3.69232e-14 -1.181102 -3.69232e-14 -2.679634e-14 -2 0.7874016 0 0 0 1</matrix>
                <instance_node url="#ID25" />
            </node>
        </node>
        <node id="ID77" name="Gruppe_35">
            <instance_geometry url="#ID78">
                <bind_material>
                    <technique_common>
                        <instance_material symbol="Material2" target="#ID12">
                            <bind_vertex_input semantic="UVSET0" input_semantic="TEXCOORD" input_set="0" />
                        </instance_material>
                    </technique_common>
                </bind_material>
            </instance_geometry>
        </node>
        <node id="ID88" name="Gruppe_60">
            <node id="ID89" name="group_4">
                <matrix>0 -1 0 4.106282 -1 -0 0 4.491258 0 -0 -1 0.2952756 0 0 0 1</matrix>
                <instance_geometry url="#ID90">
                    <bind_material>
                        <technique_common>
                            <instance_material symbol="Material2" target="#ID91">
                                <bind_vertex_input semantic="UVSET0" input_semantic="TEXCOORD" input_set="0" />
                            </instance_material>
                        </technique_common>
                    </bind_material>
                </instance_geometry>
            </node>
            <node id="ID103" name="instance_8">
                <matrix>1 0 0 -4.874804 0 1 0 -4.671456 0 0 1 -20.47244 0 0 0 1</matrix>
                <instance_node url="#ID104" />
            </node>
            <node id="ID113" name="instance_9">
                <matrix>-1.075666e-21 2 8.855139e-15 -0.3937008 2 9.318545e-22 2.980051e-08 -1.181102 2.980051e-08 9.299228e-15 -2 0.7874016 0 0 0 1</matrix>
                <instance_node url="#ID25" />
            </node>
        </node>
        <node id="ID104" name="Gruppe_33">
            <instance_geometry url="#ID105">
                <bind_material>
                    <technique_common>
                        <instance_material symbol="Material2" target="#ID12">
                            <bind_vertex_input semantic="UVSET0" input_semantic="TEXCOORD" input_set="0" />
                        </instance_material>
                    </technique_common>
                </bind_material>
            </instance_geometry>
        </node>
        <node id="ID117" name="Gruppe_63">
            <node id="ID118" name="group_7">
                <matrix>0 -1 0 1.74062 -1 -0 0 1.894823 0 -0 -1 -0.02040142 0 0 0 1</matrix>
                <instance_geometry url="#ID119">
                    <bind_material>
                        <technique_common>
                            <instance_material symbol="Material2" target="#ID120">
                                <bind_vertex_input semantic="UVSET0" input_semantic="TEXCOORD" input_set="0" />
                            </instance_material>
                        </technique_common>
                    </bind_material>
                </instance_geometry>
            </node>
            <node id="ID132" name="instance_11">
                <matrix>0.8839556 -0.1738741 -0.4340394 -1.486516 -0.2360753 0.6353106 -0.7352884 0.7476654 0.4035974 0.7524283 0.520539 -15.28403 0 0 0 1</matrix>
                <instance_node url="#ID133" />
            </node>
            <node id="ID142" name="instance_12">
                <matrix>1.075663e-21 2 -2.724043e-14 -0.3937008 2 -1.080914e-21 -1.242876e-14 -1.181102 -1.242876e-14 -2.679634e-14 -2 0.7874016 0 0 0 1</matrix>
                <instance_node url="#ID25" />
            </node>
        </node>
        <node id="ID133" name="Gruppe_18">
            <instance_geometry url="#ID134">
                <bind_material>
                    <technique_common>
                        <instance_material symbol="Material2" target="#ID12">
                            <bind_vertex_input semantic="UVSET0" input_semantic="TEXCOORD" input_set="0" />
                        </instance_material>
                    </technique_common>
                </bind_material>
            </instance_geometry>
        </node>
        <node id="ID144" name="Gruppe_59">
            <node id="ID145" name="instance_14">
                <matrix>0.7991616 -0.02058638 -0.6007637 1.198975 -0.498321 0.5362429 -0.6812634 2.936013 0.33618 0.8438127 0.4182861 -8.330659 0 0 0 1</matrix>
                <instance_node url="#ID146" />
            </node>
            <node id="ID210" name="instance_15">
                <matrix>0 -1 0 0.1968504 -1 0 1.004752e-14 0.5905512 -1.004752e-14 -0 -1 0.3937008 0 0 0 1</matrix>
                <instance_node url="#ID25" />
            </node>
        </node>
        <node id="ID146" name="Gruppe_27">
            <node id="ID147" name="group_8">
                <matrix>0.88 0 0 3.086424 0 0.88 0 0.7667635 0 0 0.88 4.00714 0 0 0 1</matrix>
                <instance_geometry url="#ID148">
                    <bind_material>
                        <technique_common>
                            <instance_material symbol="Material2" target="#ID12">
                                <bind_vertex_input semantic="UVSET0" input_semantic="TEXCOORD" input_set="0" />
                            </instance_material>
                        </technique_common>
                    </bind_material>
                </instance_geometry>
            </node>
            <node id="ID156" name="group_9">
                <matrix>0.88 0 0 1.426119 0 0.88 0 2.246915 0 0 0.88 3.639466 0 0 0 1</matrix>
                <instance_geometry url="#ID157">
                    <bind_material>
                        <technique_common>
                            <instance_material symbol="Material2" target="#ID12">
                                <bind_vertex_input semantic="UVSET0" input_semantic="TEXCOORD" input_set="0" />
                            </instance_material>
                        </technique_common>
                    </bind_material>
                </instance_geometry>
            </node>
            <node id="ID165" name="group_10">
                <matrix>0.6952 0 0 0.4689197 0 0.6952 0 2.732614 0 0 0.6952 0.9220474 0 0 0 1</matrix>
                <instance_geometry url="#ID166">
                    <bind_material>
                        <technique_common>
                            <instance_material symbol="Material2" target="#ID12">
                                <bind_vertex_input semantic="UVSET0" input_semantic="TEXCOORD" input_set="0" />
                            </instance_material>
                        </technique_common>
                    </bind_material>
                </instance_geometry>
            </node>
            <node id="ID174" name="group_11">
                <matrix>0.88 0 0 0.9789983 0 0.88 0 2.127654 0 0 0.88 0.8267956 0 0 0 1</matrix>
                <instance_geometry url="#ID175">
                    <bind_material>
                        <technique_common>
                            <instance_material symbol="Material2" target="#ID12">
                                <bind_vertex_input semantic="UVSET0" input_semantic="TEXCOORD" input_set="0" />
                            </instance_material>
                        </technique_common>
                    </bind_material>
                </instance_geometry>
            </node>
            <node id="ID183" name="group_12">
                <matrix>0.88 0 0 1.827374 0 0.88 0 1.176804 0 0 0.88 1.777023 0 0 0 1</matrix>
                <instance_geometry url="#ID184">
                    <bind_material>
                        <technique_common>
                            <instance_material symbol="Material2" target="#ID12">
                                <bind_vertex_input semantic="UVSET0" input_semantic="TEXCOORD" input_set="0" />
                            </instance_material>
                        </technique_common>
                    </bind_material>
                </instance_geometry>
            </node>
            <node id="ID192" name="group_13">
                <matrix>0.88 0 0 1.382857 0 0.88 0 1.631426 0 0 0.88 1.329266 0 0 0 1</matrix>
                <instance_geometry url="#ID193">
                    <bind_material>
                        <technique_common>
                            <instance_material symbol="Material2" target="#ID12">
                                <bind_vertex_input semantic="UVSET0" input_semantic="TEXCOORD" input_set="0" />
                            </instance_material>
                        </technique_common>
                    </bind_material>
                </instance_geometry>
            </node>
            <node id="ID201" name="group_14">
                <matrix>0.88 0 0 0.4689197 0 0.88 0 0.7667635 0 0 0.88 2.436487 0 0 0 1</matrix>
                <instance_geometry url="#ID202">
                    <bind_material>
                        <technique_common>
                            <instance_material symbol="Material2" target="#ID12">
                                <bind_vertex_input semantic="UVSET0" input_semantic="TEXCOORD" input_set="0" />
                            </instance_material>
                        </technique_common>
                    </bind_material>
                </instance_geometry>
            </node>
        </node>
        <node id="ID212" name="Gruppe_62">
            <node id="ID213" name="group_15">
                <matrix>0 -1 0 3.301604 -1 -0 0 3.705398 0 -0 -1 1.038273 0 0 0 1</matrix>
                <instance_geometry url="#ID223">
                    <bind_material>
                        <technique_common>
                            <instance_material symbol="Material2" target="#ID120">
                                <bind_vertex_input semantic="UVSET0" input_semantic="TEXCOORD" input_set="0" />
                            </instance_material>
                        </technique_common>
                    </bind_material>
                </instance_geometry>
                <node id="ID214" name="group_16">
                    <matrix>1 0 0 0.03993978 0 1 0 -0.3261826 0 0 1 4.449092 0 0 0 1</matrix>
                    <instance_geometry url="#ID215">
                        <bind_material>
                            <technique_common>
                                <instance_material symbol="Material2" target="#ID91">
                                    <bind_vertex_input semantic="UVSET0" input_semantic="TEXCOORD" input_set="0" />
                                </instance_material>
                            </technique_common>
                        </bind_material>
                    </instance_geometry>
                </node>
            </node>
            <node id="ID231" name="instance_17">
                <matrix>2.151328e-21 2 -6.3336e-14 -0.3937008 2 -2.156578e-21 3.470143e-15 -1.181102 3.470143e-15 -6.289191e-14 -2 0.7874016 0 0 0 1</matrix>
                <instance_node url="#ID25" />
            </node>
            <node id="ID232" name="instance_18">
